name: diamond
channels:
  - bioconda
  - conda-forge
  - defaults
dependencies:
  - _libgcc_mutex=0.1=conda_forge
  - _openmp_mutex=4.5=2_gnu
  - blast=2.15.0=pl5321h6f7f691_1
  - bzip2=1.0.8=hd590300_5
  - c-ares=1.11.0=h470a237_1
  - ca-certificates=2023.11.17=hbcca054_0
  - curl=7.71.1=he644dc0_8
  - diamond=2.1.8=h43eeafb_0
  - entrez-direct=16.2=he881be0_1
  - gettext=0.21.1=h27087fc_0
  - icu=70.1=h27087fc_0
  - krb5=1.17.2=h926e7f8_0
  - libcurl=7.71.1=hcdd3856_8
  - libedit=3.1.20191231=he28a2e2_2
  - libev=4.33=hd590300_2
  - libgcc-ng=13.2.0=h807b86a_3
  - libgomp=13.2.0=h807b86a_3
  - libiconv=1.17=h166bdaf_0
  - libidn2=2.3.4=h166bdaf_0
  - libnghttp2=1.41.0=hab1572f_1
  - libsqlite=3.44.2=h2797004_0
  - libssh2=1.10.0=haa6b8db_3
  - libstdcxx-ng=13.2.0=h7e041cc_3
  - libunistring=0.9.10=h7f98852_0
  - libxml2=2.9.14=h22db469_4
  - libzlib=1.2.13=hd590300_5
  - ncbi-vdb=3.0.9=hdbdd923_0
  - ncurses=6.4=h59595ed_2
  - openssl=1.1.1w=hd590300_0
  - ossuuid=1.6.2=hf484d3e_1000
  - pcre=8.45=h9c3ff4c_0
  - perl=5.26.2=h36c2ea0_1008
  - perl-app-cpanminus=1.7044=pl526_1
  - perl-archive-tar=2.32=pl526_0
  - perl-business-isbn=3.004=pl526_0
  - perl-business-isbn-data=20140910.003=pl526_0
  - perl-carp=1.38=pl526_3
  - perl-common-sense=3.74=pl526_2
  - perl-compress-raw-bzip2=2.087=pl526he1b5a44_0
  - perl-compress-raw-zlib=2.087=pl526hc9558a2_0
  - perl-constant=1.33=pl526_1
  - perl-data-dumper=2.173=pl526_0
  - perl-encode=2.88=pl526_1
  - perl-exporter=5.72=pl526_1
  - perl-exporter-tiny=1.002001=pl526_0
  - perl-extutils-makemaker=7.36=pl526_1
  - perl-file-path=2.16=pl526_0
  - perl-file-temp=0.2304=pl526_2
  - perl-io-compress=2.087=pl526he1b5a44_0
  - perl-io-zlib=1.10=pl526_2
  - perl-json=4.02=pl526_0
  - perl-json-xs=2.34=pl526h6bb024c_3
  - perl-list-moreutils=0.428=pl526_1
  - perl-list-moreutils-xs=0.428=pl526_0
  - perl-mime-base64=3.15=pl526_1
  - perl-parent=0.236=pl526_1
  - perl-pathtools=3.75=pl526h14c3975_1
  - perl-scalar-list-utils=1.52=pl526h516909a_0
  - perl-types-serialiser=1.0=pl526_2
  - perl-uri=1.76=pl526_0
  - perl-xml-libxml=2.0132=pl526h7ec2d77_1
  - perl-xml-namespacesupport=1.12=pl526_0
  - perl-xml-sax=1.02=pl526_0
  - perl-xml-sax-base=1.09=pl526_0
  - perl-xsloader=0.24=pl526_0
  - tk=8.6.13=noxft_h4845f30_101
  - wget=1.20.3=ha56f1ee_1
  - xz=5.2.6=h166bdaf_0
  - zlib=1.2.13=hd590300_5
