name: eggnog-mapper
channels:
  - bioconda
  - conda-forge
  - defaults
dependencies:
  - _libgcc_mutex=0.1=conda_forge
  - _openmp_mutex=4.5=2_gnu
  - biopython=1.70=np112py27_1
  - blas=1.1=openblas
  - blast=2.15.0=pl5321h6f7f691_1
  - bzip2=1.0.8=hd590300_5
  - c-ares=1.11.0=h470a237_1
  - ca-certificates=2024.7.4=hbcca054_0
  - certifi=2019.11.28=py27h8c360ce_1
  - curl=7.71.1=he644dc0_8
  - diamond=2.1.9=h43eeafb_0
  - eggnog-mapper=2.0.1=py_1
  - entrez-direct=22.1=he881be0_0
  - freetype=2.12.1=h267a509_2
  - gettext=0.22.5=h59595ed_2
  - gettext-tools=0.22.5=h59595ed_2
  - jpeg=9e=h0b41bf4_3
  - krb5=1.17.2=h926e7f8_0
  - ld_impl_linux-64=2.40=hf3520f5_7
  - libasprintf=0.22.5=h661eb56_2
  - libasprintf-devel=0.22.5=h661eb56_2
  - libcurl=7.71.1=hcdd3856_8
  - libedit=3.1.20191231=he28a2e2_2
  - libev=4.33=hd590300_2
  - libffi=3.2.1=he1b5a44_1007
  - libgcc-ng=14.1.0=h77fa898_0
  - libgettextpo=0.22.5=h59595ed_2
  - libgettextpo-devel=0.22.5=h59595ed_2
  - libgfortran-ng=7.5.0=h14aa051_20
  - libgfortran4=7.5.0=h14aa051_20
  - libgomp=14.1.0=h77fa898_0
  - libidn2=2.3.7=hd590300_0
  - libnghttp2=1.41.0=hab1572f_1
  - libpng=1.6.43=h2797004_0
  - libsqlite=3.46.0=hde9e2c9_0
  - libssh2=1.10.0=haa6b8db_3
  - libstdcxx-ng=14.1.0=hc0a3c3a_0
  - libtiff=4.2.0=hf544144_3
  - libunistring=0.9.10=h7f98852_0
  - libwebp-base=1.4.0=hd590300_0
  - libzlib=1.2.13=h4ab18f5_6
  - mmtf-python=1.0.2=py27_0
  - msgpack-python=1.0.0=py27h9e3301b_1
  - ncbi-vdb=3.1.1=h4ac6f70_0
  - ncurses=6.5=h59595ed_0
  - numpy=1.12.1=py27_blas_openblash1522bff_1001
  - olefile=0.46=pyh9f0ad1d_1
  - openblas=0.3.3=h9ac9557_1001
  - openssl=1.1.1w=hd590300_0
  - pcre=8.45=h9c3ff4c_0
  - perl=5.26.2=h36c2ea0_1008
  - perl-archive-tar=2.32=pl526_0
  - perl-carp=1.38=pl526_3
  - perl-common-sense=3.74=pl526_2
  - perl-compress-raw-bzip2=2.087=pl526he1b5a44_0
  - perl-compress-raw-zlib=2.087=pl526hc9558a2_0
  - perl-exporter=5.72=pl526_1
  - perl-exporter-tiny=1.002001=pl526_0
  - perl-extutils-makemaker=7.36=pl526_1
  - perl-io-compress=2.087=pl526he1b5a44_0
  - perl-io-zlib=1.10=pl526_2
  - perl-json=4.02=pl526_0
  - perl-json-xs=2.34=pl526h6bb024c_3
  - perl-list-moreutils=0.428=pl526_1
  - perl-list-moreutils-xs=0.428=pl526_0
  - perl-pathtools=3.75=pl526h14c3975_1
  - perl-scalar-list-utils=1.52=pl526h516909a_0
  - perl-types-serialiser=1.0=pl526_2
  - perl-xsloader=0.24=pl526_0
  - pillow=6.2.1=py27hd70f55b_1
  - pip=20.1.1=pyh9f0ad1d_0
  - python=2.7.15=h5a48372_1011_cpython
  - python_abi=2.7=1_cp27mu
  - readline=8.2=h8228510_1
  - reportlab=3.5.42=py27heca39a3_0
  - setuptools=44.0.0=py27_0
  - sqlite=3.46.0=h6d4b2fc_0
  - tk=8.6.13=noxft_h4845f30_101
  - wget=1.20.3=ha56f1ee_1
  - wheel=0.37.1=pyhd8ed1ab_0
  - xz=5.2.6=h166bdaf_0
  - zlib=1.2.13=h4ab18f5_6
  - zstd=1.5.6=ha6fb4c9_0
prefix: /home/eshekar/.conda/envs/eggnog-mapper
